# E = -39
1 1 -1
2 2 -1
3 3 -1
4 4 -1
5 5 -1
6 6 -1
7 7 -1
8 8 -1
9 9 -1
10 10 -1
11 11 0
12 12 -1
13 13 -1
14 14 -1
15 15 -1
16 16 -1
17 17 -1
18 18 -1
19 19 -1
20 20 -1
21 21 -1
22 22 -1
23 23 -1
24 24 -1
1 5 1
1 6 0
1 7 1
1 8 1
1 13 1
1 14 1
1 15 0
1 16 1
2 1 1
2 5 0
2 6 1
2 7 0
2 8 1
2 13 1
2 14 1
2 15 1
2 16 1
3 5 0
3 6 1
3 7 1
3 8 0
4 3 1
4 5 1
4 6 0
4 7 0
4 8 1
5 6 0
7 8 -1
9 5 1
9 6 0
9 13 -1
9 14 1
9 15 1
9 16 0
9 21 0
9 22 0
9 23 0
9 24 0
10 5 1
10 6 1
10 9 0
10 13 0
10 14 0
10 15 -1
10 16 1
10 21 1
10 22 1
10 23 1
10 24 0
11 5 1
11 6 0
11 13 1
11 14 0
11 15 1
11 16 1
12 5 0
12 6 1
12 11 1
12 13 1
12 14 -1
12 15 0
12 16 1
13 14 1
15 16 0
17 13 0
17 14 0
17 21 1
17 22 1
17 23 1
17 24 1
18 13 1
18 14 0
18 17 0
18 21 1
18 22 1
18 23 1
18 24 -1
19 13 0
19 14 1
19 21 1
19 22 -1
19 23 1
19 24 -1
20 13 0
20 14 1
20 19 1
20 21 0
20 22 0
20 23 1
20 24 0
21 22 0
23 24 1
